crack: 0.064935
natural: 0.045455
cantilever: 0.038961
frequencies: 0.038961
mass: 0.038961
topic: 0.032468
beam: 0.032468
beams: 0.025974
concentrated: 0.025974
location: 0.025974
technique: 0.019481
derivative: 0.019481
vibration: 0.012987
discusses: 0.012987
structural: 0.012987
flaws: 0.012987
first: 0.012987
reduce: 0.012987
mode: 0.012987
shapes: 0.012987
cracked: 0.012987
axial: 0.012987
displacement: 0.012987
transverse: 0.012987
second: 0.012987
frequency: 0.012987
study: 0.012987
description: 0.006494
analytical: 0.006494
verification: 0.006494
testing: 0.006494
used: 0.006494
determination: 0.006494
nondestructive: 0.006494
experimental: 0.006494
identifying: 0.006494
uses: 0.006494
two: 0.006494
measured: 0.006494
accelerometer: 0.006494
moveable: 0.006494
several: 0.006494
locations: 0.006494
detect: 0.006494
cracks: 0.006494
effects: 0.006494
explores: 0.006494
presence: 0.006494
affects: 0.006494
found: 0.006494
affect: 0.006494
different: 0.006494
ways: 0.006494
analysis: 0.006494
examines: 0.006494
finding: 0.006494
generally: 0.006494
much: 0.006494
smaller: 0.006494
coupling: 0.006494
vibrations: 0.006494
weak: 0.006494
except: 0.006494
extremely: 0.006494
deep: 0.006494
depth: 0.006494
detection: 0.006494
method: 0.006494
detecting: 0.006494
using: 0.006494
fundamental: 0.006494
respect: 0.006494
position: 0.006494
indicated: 0.006494
sharp: 0.006494
discontinuity: 0.006494
curves: 0.006494
concluding: 0.006494
remarks: 0.006494
behavior: 0.006494
summarizes: 0.006494
findings: 0.006494
noting: 0.006494
also: 0.006494
finds: 0.006494
curve: 0.006494
effective: 0.006494
indicator: 0.006494
